0 0.622 0.3774422735346359 0.02266666666666667 0.2468916518650089
0 0.48133333333333334 0.3783303730017762 0.024 0.23801065719360567
0 0.5126666666666667 0.38099467140319715 0.017333333333333333 0.23978685612788633
0 0.588 0.38188277087033745 0.02666666666666667 0.24511545293072823
0 0.37933333333333336 0.3836589698046181 0.02 0.2344582593250444
0 0.4093333333333333 0.38898756660746003 0.018666666666666668 0.23090586145648312
1 0.6406666666666667 0.44404973357015987 0.028 0.10657193605683836
1 0.528 0.44493783303730017 0.02666666666666667 0.10124333925399645
1 0.426 0.4467140319715808 0.025333333333333333 0.10124333925399645
0 0.414 0.6793960923623446 0.025333333333333333 0.23623445825932504
0 0.44866666666666666 0.6829484902309059 0.02266666666666667 0.2433392539964476
1 0.5526666666666666 0.7513321492007105 0.030666666666666665 0.12078152753108348