0 0.5130208333333334 0.2523148148148148 0.10104166666666667 0.026851851851851852
0 0.3450520833333333 0.25462962962962965 0.0953125 0.020370370370370372
0 0.3463541666666667 0.28888888888888886 0.09479166666666666 0.020370370370370372
0 0.51484375 0.29907407407407405 0.1015625 0.027777777777777776
1 0.34322916666666664 0.3194444444444444 0.10104166666666667 0.03518518518518519
1 0.5109375 0.35 0.09583333333333334 0.037037037037037035
0 0.3489583333333333 0.36944444444444446 0.09791666666666667 0.022222222222222223
0 0.346875 0.4013888888888889 0.09270833333333334 0.023148148148148147
1 0.3458333333333333 0.4324074074074074 0.09791666666666667 0.03333333333333333
0 0.3494791666666667 0.48148148148148145 0.09583333333333334 0.016666666666666666
0 0.35078125 0.5143518518518518 0.09635416666666667 0.019444444444444445
1 0.34921875 0.5435185185185185 0.10052083333333334 0.02962962962962963