0 0.52734375 0.3212962962962963 0.09010416666666667 0.022222222222222223
0 0.37786458333333334 0.32175925925925924 0.08385416666666666 0.023148148148148147
0 0.37916666666666665 0.3509259259259259 0.08645833333333333 0.022222222222222223
0 0.5291666666666667 0.36342592592592593 0.08958333333333333 0.025
1 0.37604166666666666 0.37453703703703706 0.09166666666666666 0.025
1 0.5255208333333333 0.4013888888888889 0.08541666666666667 0.026851851851851852
0 0.37994791666666666 0.41944444444444445 0.0828125 0.024074074074074074
0 0.3807291666666667 0.44814814814814813 0.08645833333333333 0.022222222222222223
1 0.38046875 0.47314814814814815 0.08385416666666666 0.027777777777777776
0 0.38229166666666664 0.5157407407407407 0.08020833333333334 0.022222222222222223
0 0.38229166666666664 0.5453703703703704 0.08229166666666667 0.022222222222222223
1 0.3828125 0.5694444444444444 0.08333333333333333 0.025925925925925925