0 0.5651041666666666 0.29305555555555557 0.178125 0.04537037037037037
0 0.565625 0.3435185185185185 0.175 0.044444444444444446
0 0.315625 0.36342592592592593 0.1625 0.03981481481481482
1 0.5588541666666667 0.3907407407407407 0.16875 0.046296296296296294
0 0.31640625 0.4162037037037037 0.16302083333333334 0.04537037037037037
1 0.31484375 0.46805555555555556 0.15260416666666668 0.049074074074074076
0 0.5653645833333333 0.4685185185185185 0.17135416666666667 0.04259259259259259
0 0.5651041666666666 0.5180555555555556 0.16979166666666667 0.03611111111111111
1 0.5609375 0.5643518518518519 0.16354166666666667 0.03981481481481482
0 0.5692708333333333 0.6351851851851852 0.16770833333333332 0.03518518518518519
0 0.5721354166666667 0.6800925925925926 0.17760416666666667 0.030555555555555555
1 0.5658854166666667 0.7162037037037037 0.15989583333333332 0.04722222222222222