0 0.6333333333333333 0.24814814814814815 0.14166666666666666 0.06481481481481481
0 0.63984375 0.2949074074074074 0.14739583333333334 0.05462962962962963
1 0.6265625 0.3453703703703704 0.11875 0.05555555555555555
0 0.4401041666666667 0.3736111111111111 0.221875 0.075
0 0.6421875 0.38981481481481484 0.13645833333333332 0.06481481481481481
0 0.44244791666666666 0.4203703703703704 0.21510416666666668 0.07222222222222222
0 0.6481770833333333 0.43703703703703706 0.14322916666666666 0.05925925925925926
1 0.421875 0.47824074074074074 0.1625 0.06574074074074074
1 0.6354166666666666 0.49074074074074076 0.11979166666666667 0.05555555555555555
0 0.6489583333333333 0.5319444444444444 0.13229166666666667 0.06944444444444445
0 0.65 0.5777777777777777 0.13541666666666666 0.05925925925925926
1 0.6424479166666667 0.6351851851851852 0.11614583333333334 0.05925925925925926