0 0.6255208333333333 0.29953703703703705 0.16979166666666667 0.03796296296296296
0 0.3223958333333333 0.3287037037037037 0.16354166666666667 0.03333333333333333
0 0.6294270833333333 0.3587962962962963 0.17135416666666667 0.03796296296296296
0 0.32083333333333336 0.4009259259259259 0.1625 0.03333333333333333
1 0.6098958333333333 0.42268518518518516 0.15 0.04351851851851852
1 0.30859375 0.4652777777777778 0.14114583333333333 0.05092592592592592
0 0.6221354166666667 0.5166666666666667 0.16614583333333333 0.03518518518518519
0 0.6184895833333334 0.5745370370370371 0.16302083333333334 0.041666666666666664
1 0.6075520833333333 0.6282407407407408 0.14635416666666667 0.05277777777777778
0 0.6203125 0.7180555555555556 0.16354166666666667 0.032407407407407406
0 0.6140625 0.7726851851851851 0.16354166666666667 0.03611111111111111
1 0.6059895833333333 0.8282407407407407 0.1484375 0.04722222222222222